0.002567
0.002537
0.002532
0.002529
0.002410
0.008624
0.008585
0.005120
0.008088
0.002292
0.007537
0.007349
0.007828
0.003570
0.002369
0.002470
0.002438
0.008126
0.008407
0.005559
0.002535
0.002613
0.002597
0.002745
0.008861
0.002664
0.002508
0.002573
0.002539
0.002484
0.002685
0.008953
0.004515
0.002699
0.002598
0.003421
0.002568
0.002544
0.002604
0.002521
0.002708
0.009139
0.002553
0.008779
0.002588
0.002624
0.002589
0.002724
0.002842
0.002748
0.002771
0.002604
0.002639
0.002503
0.002693
0.009362
0.009104
0.002720
0.002759
0.002664
0.002660
0.002557
0.008386
0.008887
0.004948
0.003051
0.002905
0.002841
0.002754
0.002655
0.002757
0.002921
0.002787
0.008810
0.011019
0.002932
0.002723
0.002708
0.002780
0.002805
0.002883
0.002690
0.002805
0.002877
0.002666
0.002880
0.002644
0.002721
0.002695
0.008975
0.009439
0.002734
0.002665
0.002767
0.008522
0.002904
0.002890
0.002934
0.002836
0.002773
0.002652
0.002579
0.002758
0.008501
0.008636
0.002709
0.002521
0.002600
0.002601
0.002620
0.002552
0.008579
0.002739
0.008562
0.008281
0.008404
0.002727
0.002449
0.002640
0.002683
0.002617
0.002526
0.002528
0.002573
0.002605
0.002689
0.002496
0.008526
0.008520
0.002467
0.002503
0.002478
0.002492
0.008090
0.008196
0.009381
0.002561
0.002624
0.002600
0.002511
0.007516
0.007840
0.002480
0.002342
0.002341
0.007241
0.002305
0.002225
0.006975
0.004965
0.002422
0.002228
0.002666
0.002346
0.002517
0.007634
0.007618
0.007408
0.002316
0.002242
0.002458
0.002413
0.002454
0.002412
0.002437
0.002337
0.002417
0.002368
0.002499
0.002667
0.002363
0.002424
0.002286
0.007667
0.002719
0.002408
0.002456
0.008391
0.002637
0.002208
0.002286
0.002364
0.002646
0.002659
0.002642
0.002521
0.002512
0.002551
0.002343
0.002382
0.003258
0.002428
0.002589
0.002519
0.002523
0.002609
0.002589
0.007891
0.007559
0.002607
0.002631
0.002678
0.002696
0.002652
0.002945
0.002415
0.002526
0.007940
0.008351
0.002737
0.002980
0.002461
0.002506
0.002618
0.003772
0.002394
0.002896
0.008703
0.006015
0.002878
0.002638
0.002961
0.002696
0.008351
0.002821
0.002644
0.008281
0.008639
0.008901
0.008548
0.008391
0.009765
0.002932
0.002890
0.009229
0.002884
0.002742
0.002685
0.002661
0.002773
0.002621
0.008902
0.008427
0.008973
0.002837
0.002498
0.002620
0.002682
0.002525
0.002552
0.002518
0.002578
0.002693
0.002770
0.002985
0.002666
0.003264
0.002816
0.002689
0.002518
0.002568
0.002675
0.002605
0.002516
0.002644
0.002454
0.008988
0.009158
0.002864
0.002585
0.002525
0.002644
0.002569
0.002625
0.002786
0.003046
0.002715
0.008805
0.002715
0.002533
0.002387
0.002702
0.002595
0.002599
0.002523
0.002634
0.002602
0.008171
0.007988
0.005603
0.007622
0.002652
0.002503
0.002647
0.002567
0.002568
0.002589
0.002651
0.007806
0.002523
0.002651
0.002604
0.002642
0.002903
0.002589
0.002612
0.002747
0.002797
0.008952
0.002719
0.002475
